13
11
6
12
8
17
16
12
14
10
11
10
19
9
12
15
10
16
13
11
10
15
6
10
11
10
20
17
15
8
14
13
13
12
11
14
7
11
16
10
13
11
14
14
13
10
23
13
19
9
10
7
11
12
16
9
14
11
9
13
14
9
13
15
15
10
11
11
9
21
8
6
11
8
21
17
8
17
6
10
7
16
16
14
12
13
8
13
11
14
7
11
13
9
11
13
12
13
15
9
12
7
13
11
18
12
5
13
18
12
17
15
14
13
7
6
22
8
11
10
13
13
16
8
11
11
20
14
13
6
10
11
16
9
14
12
18
18
17
12
14
17
13
11
12
12
11
13
12
18
15
12
10
12
18
13
11
15
15
11
16
19
10
15
15
20
10
8
12
14
14
9
6
7
11
15
19
13
20
21
13
14
15
17
8
15
19
11
18
13
13
13
9
16
12
14
12
17
15
10
15
8
11
11
14
13
13
9
16
14
13
9
8
12
10
16
10
15
10
10
11
8
10
13
11
8
16
13
15
16
15
10
7
12
15
9
10
17
20
8
15
12
14
12
12
8
12
12
8
14
17
7
22
13
17
12
9
11
8
12
13
10
12
18
13
14
16
7
11
6
16
13
8
12
13
14
16
15
10
15
13
10
10
8
18
13
12
12
16
14
13
13
13
14
11
12
10
16
10
15
6
16
10
11
6
8
11
17
6
15
11
17
15
14
12
20
22
18
9
14
14
14
14
8
11
14
15
7
10
15
13
5
15
12
8
13
7
8
14
17
16
11
16
11
10
8
12
14
8
12
12
10
15
10
13
22
15
10
14
9
10
8
14
12
12
13
15
15
7
16
17
15
14
8
13
20
7
10
13
10
11
14
6
10
16
9
9
11
16
9
15
14
18
10
11
16
12
9
12
10