24
18
25
28
24
21
28
27
26
24
25
16
21
37
23
27
25
25
18
26
24
28
23
36
28
17
23
25
25
22
23
28
25
22
30
14
19
38
25
16
23
30
25
21
25
18
22
24
25
24
19
24
30
18
30
32
27
13
30
21
26
24
22
34
19
21
25
26
36
29
31
24
24
24
30
27
22
31
26
26
35
25
35
18
26
23
13
26
32
41
27
32
23
30
31
26
25
26
29
25
23
22
27
22
30
22
20
26
25
20
19
23
19
29
31
25
19
24
27
28
27
26
20
24
22
24
35
29
20
20
23
30
27
23
17
29
20
27
31
25
23
18
31
24
30
26
27
23
26
25
22
21
14
28
21
28
29
32
40
23
28
22
25
22
25
18
27
21
15
31
27
27
18
26
20
22
25
35
25
23
18
26
25
30
23
32
22
33
17
23
25
16
25
20
25
29
28
27
21
22